Essas matrizes muito doidas sãso as matrizs de confusão que ele fala no pdf
eu gerei essas matrizes só pro melhor caso de teste
A unica tabela de % que tem é do melhor dos melhores casos.
a planilha tem a acurácia de todos os testes (media % de acerto)
a primeira coluna da planilha é o caso de teste: qual a quantidade de zonas, e quais histogramas foram usados
a função de Hog que ele pede no pdf não funciona com o código qeu ele fez (não é minha culpa, o igor também não rola)
Ai como tem bonus pra quem usa um comparador a mais, usei esse gaussiano (que é um lixo)
acho que é isso. Tutorial porque só jesus que horas acordo amanhã HU3
qualquer coisa mandem msg

Aah, a explicação no código ta toda nos comentarios, ele mesmo que fez. Mas coloquei algumas coisas a mais pra ajudar
Esqueci de fazer um teste trocando a quantidade de linhas aglomeradas. Mas faço amanhã uns 2 casos e atualizo na planilha

link pra planilha
https://docs.google.com/spreadsheets/d/1iFMPiFD2-TTE1uaipeSEKmeNy_SIMRTPxj2qUtfYSoM/edit?usp=sharing



KNN 1 score:  0.830
[[402   3   0   2   0   5   4   8   1   1   2   4   4   4   0   5   4   6
    0   2   0   0   0   2   0   0]
 [  7 335   5  27   4   0  13   1   0   0   4   0   0   1   8   2   1  12
   10   0   0   1   1   1   0   2]
 [  0   1 480   0   0   6   4   0   0   0   0  22   0   0   1   1   1   0
    0   1   1   0   0   0   0   0]
 [  0   2   1 327   0   0   0   0   0   1   0   0   0   0  39   6   5   1
    1   0   8   4   0   0   0   1]
 [  0  18  16   4 268  19  12   0   1   0   2  12   0   0   1   2   0   2
    3   0   0   0   0   0   1   4]
 [  0   0   1   0   8 310   1   0   0   1   0   1   1   0   0  61   1   0
    2  25   0   0   0   0   5   2]
 [  4   3  18   2   7   1 305   0   0   0   0   1   1   1   8   1  16   1
    8   0   9   1   2   0   0   0]
 [  4   2   0   1   0   1   1 346   0   1   5   1   5  16   0   0   0   1
    0   0   9   2   2   0   5   0]
 [  0   0  11   1  12   2   0   0 643  54   0  11   0   0   0   0   0   0
   11  20   0   3   0   2   2  43]
 [  0   1   0   4   1   0   0   0   6 373   0   0   0   0   1   0   0   0
   25  11   1   0   0   0   2   1]
 [  3   1   4   1   0   4   1   3   0   0 306  10   2   2   0   1   0   9
    0   0   2   9   2  15   2   0]
 [  0   0  15   0   1   0   0   0   1   0   0 475   0   0   0   0   0   0
    0   0   0   1   2   0   0   1]
 [ 16   2   0   0   0   0   3  75   0   0  10   0 295  35   0   5   1   4
    0   0   9   1   1   1   2   0]
 [  0   1   0   2   0   0   1  23   0   0   5   1   5 363   1   0   1   1
    0   0  11   2  19   0   3   0]
 [  0   1   7  70   0   0   2   0   1   1   0   0   0   0 337   1  21   0
    1   0  16   0   0   0   1   0]
 [  1   0   0  20   1  22   0   0   1   0   0   0   0   0   3 400   3   0
    0   3   0   7   0   0   6   0]
 [  2   3   9   6   0   1  23   0   0   0   0   1   1   1  21   1 351  14
    1   0  14   2   1   0   0   0]
 [  7  10   7   3  11   6   2   3   0   0  50   2   1   2   0  12  12 303
    0   0   4   0   0   8   0   3]
 [  0   5   2   6   0   3   6   0   3   9   0   1   0   0   1   0   0   0
  405   1   1   0   0   0   1   1]
 [  1   0   0   0   0   5   0   0   0  20   1   0   1   0   0   1   0   0
    1 435   0   0   0   0   4   0]
 [  0   0   1   0   0   0   0   2   0   5   2   2   0   1   3   0   0   0
    0   0 403  35   4   0   0   0]
 [  0   0   0   0   0   0   0   0   0   6   0   0   0   4   0   1   0   0
    0   0  19 428   1   3  20   0]
 [  0   0   0   0   0   1   0   1   0   2   2   0   2  19   0   0   0   0
    0   0  18  12 417   0   1   0]
 [  1   0   0   1   2   2   0   0   0   0  22   0   2   2   0   0   1   3
    0   0   1   4   0 402  27   2]
 [  0   1   0   0   0   2   0   2   0   1   0   0   0   1   0   2   0   0
    0   5   1  34   0   8 396   0]
 [  0  17   2   2   5   3   2   0   3   1   1  12   0   0   0   1   0   4
    2   3   0   1   0   1   2 405]]
KNN 3 score:  0.839
[[419   3   0   0   0   3   4   5   1   2   4   3   0   3   0   5   3   2
    0   0   0   0   0   2   0   0]
 [  8 354   4  26   4   0   8   0   0   0   1   0   1   1   7   1   2   9
    5   0   0   1   1   0   0   2]
 [  0   1 499   0   0   4   1   0   0   0   0  10   0   0   2   1   0   0
    0   0   0   0   0   0   0   0]
 [  2   7   3 337   0   0   0   0   0   1   0   1   0   0  33   3   2   0
    0   0   4   3   0   0   0   0]
 [  0  18  22   4 274  15   9   0   0   0   0  16   0   0   0   1   0   0
    3   1   0   0   0   0   0   2]
 [  0   0   1   0  10 323   0   0   1   0   0   1   0   0   0  53   2   0
    0  24   0   1   0   0   3   0]
 [  5  10  20   3   7   0 311   0   0   0   0   1   2   0   5   0  16   0
    4   0   5   0   0   0   0   0]
 [ 15   7   0   1   0   1   1 345   0   0   4   0   6   9   0   1   0   0
    0   0   8   0   2   0   2   0]
 [  1   0  11   5   9   4   0   0 645  47   0  10   0   0   0   1   0   0
   11  27   0   0   0   0   2  42]
 [  1   3   0   1   0   0   1   0   6 375   0   0   0   0   0   0   0   0
   22  13   0   0   0   0   3   1]
 [  3   2   6   0   1   4   1   2   0   0 313  14   1   0   0   1   0   6
    0   0   1   3   3  13   3   0]
 [  0   0  13   0   0   0   0   0   2   0   1 476   0   0   0   0   0   0
    0   0   1   1   1   0   0   1]
 [ 29   4   1   2   1   1   0 103   0   0  13   0 270  22   0   2   1   0
    0   0   5   3   1   0   2   0]
 [  2   2   0   3   0   0   1  29   0   0   8   2   5 361   0   1   1   0
    0   0  11   3  10   0   0   0]
 [  0   1  13  74   0   0   2   0   0   1   0   0   0   0 345   0  15   0
    0   0   8   0   0   0   0   0]
 [  2   0   2  16   2  17   0   0   1   0   0   0   0   0   2 410   4   0
    0   0   0   6   0   0   5   0]
 [  1   4   9   6   2   4  28   1   0   0   1   0   3   1  23   1 348   9
    0   0  10   1   0   0   0   0]
 [ 19  17  12   4  10  13   0   2   0   0  55   1   1   2   1  10  10 279
    0   0   3   1   0   4   0   2]
 [  0   7   3   7   0   4   8   0   2   6   0   0   0   0   0   0   1   0
  404   1   0   0   0   0   2   0]
 [  1   0   0   0   0   4   0   0   1  12   1   0   1   0   0   0   0   0
    1 445   0   0   0   0   3   0]
 [  0   1   2   1   0   0   0   2   0   6   2   1   0   3   1   0   0   0
    0   0 415  22   2   0   0   0]
 [  0   0   0   0   0   1   0   0   0   7   0   0   0   1   0   1   0   0
    0   0  17 440   2   0  13   0]
 [  0   0   1   0   0   1   0   0   1   2   4   1   2  20   1   0   0   0
    0   0  13  15 414   0   0   0]
 [  2   0   0   0   2   2   0   0   1   0  22   1   0   3   0   0   1   1
    0   0   0   7   0 403  25   2]
 [  0   3   0   0   0   2   0   4   1   0   0   0   0   0   0   5   0   0
    0   9   3  22   0   4 400   0]
 [  0  17   3   5   8   1   1   0   4   5   1   6   0   0   0   3   0   1
    1   3   0   0   0   0   0 408]]
KNN 5 score:  0.838
[[414   0   0   1   0   4   5   7   1   2   4   1   2   3   0   4   4   2
    0   0   0   0   0   5   0   0]
 [  7 354   6  22   5   0   9   0   0   0   2   0   1   1   9   3   1   4
    5   0   0   1   1   0   1   3]
 [  0   0 496   0   0   4   1   0   0   0   0  12   0   0   3   1   0   0
    0   0   1   0   0   0   0   0]
 [  2   5   1 340   0   0   0   0   0   1   0   1   0   0  34   3   2   0
    0   0   4   3   0   0   0   0]
 [  0  13  25   2 279  12   9   0   0   0   0  16   0   0   0   1   0   0
    2   2   0   0   1   0   0   3]
 [  0   0   0   0   7 325   0   0   1   0   0   1   0   0   0  52   1   0
    2  27   0   1   0   0   2   0]
 [  3   4  18   2   7   0 314   0   0   0   0   1   2   0   9   0  19   0
    3   0   6   1   0   0   0   0]
 [  9   3   0   1   0   2   1 349   0   0   3   0   6   9   0   1   0   1
    1   0   8   2   3   0   3   0]
 [  1   0  10   1  11   1   0   0 628  55   0  13   0   0   0   2   0   0
   12  23   0   0   0   2   3  53]
 [  0   1   0   2   0   0   0   0   4 373   0   0   0   0   2   0   0   0
   25  14   0   0   0   0   2   3]
 [  2   1   3   0   1   4   1   2   0   0 312  17   3   0   0   0   0   6
    0   0   2   7   2  13   1   0]
 [  0   0  11   0   0   0   1   0   1   0   0 480   0   0   0   0   0   0
    0   0   0   1   0   0   1   1]
 [ 26   4   1   2   1   1   0 102   0   0  15   0 273  20   0   4   1   0
    0   0   5   1   1   2   1   0]
 [  3   0   0   1   0   0   0  28   0   0   9   2   4 363   0   0   1   0
    1   0   9   3  13   2   0   0]
 [  0   0  14  70   0   0   3   0   2   1   0   0   1   0 343   0  14   0
    0   0  11   0   0   0   0   0]
 [  1   0   0  19   0  12   0   0   2   1   0   0   0   0   2 411   4   1
    0   2   0   9   0   0   3   0]
 [  0   3   8   4   0   2  22   0   0   0   0   0   2   1  33   1 352   9
    0   0  12   1   2   0   0   0]
 [  8  21   8   3   8   8   0   1   1   0  64   4   2   2   0  15  11 279
    0   0   2   1   0   6   0   2]
 [  0   5   3   2   0   3   7   0   2   8   1   0   0   0   0   0   2   0
  411   0   0   0   0   0   1   0]
 [  1   0   0   0   0   6   0   0   0  10   1   0   1   0   0   0   0   0
    1 445   0   0   0   0   4   0]
 [  0   0   1   1   0   0   0   2   0   5   0   1   0   3   1   0   0   0
    0   0 424  17   3   0   0   0]
 [  0   0   0   0   0   0   0   0   0   6   0   0   0   2   0   0   0   0
    0   0  19 440   2   0  13   0]
 [  0   0   1   0   0   1   0   1   0   3   3   1   4  18   0   0   0   0
    0   0  12  17 414   0   0   0]
 [  2   0   0   0   1   2   0   2   2   0  22   1   1   3   0   0   1   2
    1   0   0   8   0 398  24   2]
 [  0   2   0   0   1   1   0   3   1   2   0   0   0   0   0   4   0   0
    0   9   3  30   0   6 391   0]
 [  0  15   1   8  10   1   1   0   2   5   0   9   0   0   0   2   0   3
    1   3   0   0   0   1   2 403]]
SVM score:  0.879
[[423   2   0   2   0   4   1   2   1   0   5   0   4   1   0   0   1   3
    0   0   1   0   0   8   0   1]
 [ 11 370   2  13   3   2   6   0   0   0   0   0   6   0   5   0   2  10
    2   0   1   1   1   0   0   0]
 [  0   0 502   0   2   3   1   0   0   0   0   8   0   0   1   1   0   0
    0   0   0   0   0   0   0   0]
 [  2   1   3 357   0   0   0   0   0   1   0   0   0   1  20   4   2   0
    0   0   4   1   0   0   0   0]
 [  0   9   8   0 310  13   9   0   0   0   0   4   0   0   0   1   0   1
    2   0   0   0   0   0   1   7]
 [  0   0   1   0   0 383   0   0   0   0   1   0   1   0   0  16   1   0
    1  13   0   0   0   0   2   0]
 [  2   6   7   0   8   1 317   2   0   0   0   2   7   0   4   0   8   0
    0   0  13   1  11   0   0   0]
 [  4   1   0   0   0   2   1 357   0   0   2   0  11   6   2   0   0   1
    0   1   5   1   4   0   4   0]
 [  0   0   7   0  19   6   0   0 650  39   0   1   0   0   1   0   0   0
   15   8   0   1   0  12   3  53]
 [  0   2   0   3   1   0   1   0   8 382   0   0   0   0   0   0   0   0
   18   8   0   0   0   0   0   3]
 [  5   0   2   0   0   5   0   4   0   0 324  10   1   0   0   0   0   8
    0   0   3   3   1  10   1   0]
 [  0   0   5   0   0   0   0   0   0   1   0 488   0   0   0   0   0   0
    0   0   1   0   0   0   0   1]
 [ 11   0   0   0   0   1   0  46   0   0   4   0 372  12   0   2   3   1
    0   0   0   0   6   1   1   0]
 [  4   0   0   1   0   0   0  15   0   0   2   1  12 377   0   0   2   0
    0   0   6   0  17   1   1   0]
 [  1   0  13  59   0   0   1   0   1   0   0   0   0   0 353   1  22   1
    0   0   7   0   0   0   0   0]
 [  3   0   0   9   0   4   0   0   1   2   0   0   0   0   1 441   2   1
    0   0   0   1   0   0   2   0]
 [  0   3   3   8   1   1  15   0   0   0   0   0   2   1   6   2 385   8
    3   0  13   0   1   0   0   0]
 [  9   8   4   0   8  13   1   1   1   0  19   1   1   0   0   5  14 350
    0   0   4   0   0   3   0   4]
 [  0   6   1  15   1   3   5   0   2   8   0   1   0   0   0   0   0   0
  401   0   0   0   0   0   1   1]
 [  1   0   0   0   0   2   0   0   4   1   0   0   0   0   0   0   0   0
    0 455   0   0   0   0   6   0]
 [  0   0   0   2   0   0   1   1   0   1   1   1   1   1   3   0   0   0
    0   0 423  20   1   0   2   0]
 [  1   0   0   0   0   0   0   0   0   2   0   0   0   1   0   0   0   0
    0   0  24 439   1   0  14   0]
 [  0   0   0   1   0   0   0   1   0   1   4   0   4  14   0   0   0   0
    0   0  20   7 421   0   2   0]
 [  2   0   0   0   0   3   0   0  11   0  23   1   2   3   0   0   1   2
    0   0   0   7   1 403  11   2]
 [  0   2   0   0   0   3   0   2   0   1   1   0   1   0   0   0   0   0
    0   7   0  19   0   7 410   0]
 [  0  26   1   4  16   1   0   0   4   9   1   1   0   0   0   0   0   2
    0   1   0   0   0   1   0 400]]
             precision    recall  f1-score   support

          A      0.883     0.922     0.902       459
          B      0.849     0.851     0.850       435
          C      0.898     0.969     0.932       518
          D      0.753     0.902     0.821       396
          E      0.840     0.849     0.845       365
          F      0.851     0.914     0.881       419
          G      0.883     0.815     0.848       389
          H      0.828     0.888     0.857       402
          I      0.952     0.798     0.868       815
          J      0.853     0.897     0.874       426
          K      0.837     0.859     0.848       377
          L      0.940     0.984     0.962       496
          M      0.875     0.809     0.841       460
          N      0.904     0.859     0.881       439
          O      0.891     0.769     0.826       459
          P      0.932     0.944     0.938       467
          Q      0.869     0.852     0.860       452
          R      0.902     0.785     0.839       446
          S      0.907     0.901     0.904       445
          T      0.923     0.970     0.946       469
          U      0.806     0.924     0.861       458
          V      0.876     0.911     0.893       482
          W      0.905     0.886     0.896       475
          X      0.904     0.854     0.878       472
          Y      0.889     0.905     0.897       453
          Z      0.847     0.857     0.852       467

avg / total      0.881     0.879     0.878     11941

Tree score:  0.742
[[334   7   1   6   1   4   6  12   1   0  12   1   9   8   0   5   4  13
    0   0   6   2   2  19   3   3]
 [ 13 289   4  24   7   5  22   5   1   0   7   0   9   2   4   1  16  12
    9   0   2   1   1   1   0   0]
 [  0   1 468   1   3   6   2   1   2   1   7  16   1   0   1   1   0   2
    0   0   0   1   0   1   0   3]
 [  3   3   4 303   0   0   1   0   0   6   0   1   2   9  38   5   9   0
    0   0   4   1   3   0   3   1]
 [  1   6   6   1 286   5  11   2   2   2   3   9   1   0   0   0   0  11
    3   1   1   0   0   5   1   8]
 [  4   2   0   0  17 340   9   0   0   0   1   1   1   3   2  20   0   2
    1   4   0   3   0   3   2   4]
 [  7  11  19  11  21   6 223  10   0   8   5   6   8   1   3   1  13   1
    5   0   5   5  13   2   5   0]
 [  5   7   0   2   0   2   2 305   0   0   3   0  15  22   0   1   1   3
    1   0  13   1  13   2   4   0]
 [  1   3  16   5  18   8   2   1 540  34   4  18   7   3  12   3   0  13
   22  26   1  12   0   6  15  45]
 [  0   2   2  12   3   4   2   0  13 328   1   1   0   0   3   1   1   0
   30  10   0   1   1   2   8   1]
 [  9   2  11   0  14   8   5   4   1   0 234  12   3   4   0   3   2  26
    1   0  11   0   2  20   0   5]
 [  0   0  21   0   3   0   1   0   1   0   2 454   0   0   0   0   0   0
    1   0   4   1   1   2   2   3]
 [ 17   4   0   3   0   0   0  89   0   0  11   0 246  41   2   9   2   3
    0   0   2   4  17   2   8   0]
 [  2   1   3   4   0   0   1  29   0   1  12   2  24 293   2   2   4   0
    1   1  13   2  41   1   0   0]
 [  1   5   6 107   1   0   8   0   0   1   0   0   3   3 295   1  17   0
    0   0  10   0   0   0   1   0]
 [  8   2   2  12   2  14   2   1   0   0   1   0   5   2   6 374  15   7
    0   3   0   3   0   0   5   3]
 [  5  14   4  18   3   2  16   3   0   1   1   0   6   3  24   6 300  11
    7   0  10   1  16   0   0   1]
 [ 13  13   7   1  22  12  11   5   1   0  41   5   9   0   1   1  19 256
    0   2   8   0   3   9   2   5]
 [  1   8   2  12  11  12   2   1   5  31   1   4   0   0   0   1   0   2
  331   2   0   1   1   2  10   5]
 [  0   0   0   0   2  13   0   0   3   9   0   0   2   0   1   1   0   1
    1 415   2   0   0   0  19   0]
 [  2   0   1   6   1   6   2   4   0   1   1   0   3   3   5   2   1   1
    0   0 380  25   6   0   7   1]
 [  0   0   1   3   0   1   1   2   1   0   0   0   2   5   2   0   0   1
    0   0  27 404   9   3  20   0]
 [  2   2   0   0   0   3   4  16   0   0   5   1   4  27   1   1   3   1
    0   0  22   6 373   0   4   0]
 [  7   3   1   0   1   4   1   1   7   2  30   3   4   5   0   1   3  12
    1   1   4   3   2 351  21   4]
 [  0   2   0   2   0   4   0   3   3   6   5   0   3   2   0   3   0   1
    2  12   1  35   1  12 356   0]
 [  2   3   3   2  16   4   2   0  10   3   3   6   0   1   0   3   1   8
    2   2   0   0   0   7   2 387]]
Gaussian score:  0.432
[[158  14   0   2   7  10  17  10   4   1  13   3 109   8  22   2  24  11
   22   0   0   2  12   7   1   0]
 [  0 210   2   8  23   1  25   0   1   0   0   2  32   2  30   2  14  28
   37   0   3   1   8   3   0   3]
 [  0   0 245   0   8   9 103   0   2   2   4  32   0   0  90   4  15   0
    0   0   2   0   2   0   0   0]
 [  0  12   4 196   0   0   2   0   0   3   0   0   7   1  82   5  25   2
   11   0  40   0   6   0   0   0]
 [  0  34   7   0 153  23  43   0   1   0  12  31   1   0  26   2   7   3
   17   0   0   0   4   0   0   1]
 [  0   1   3   0 122  57   2   0   3   3   0   1   4   0  34 166   0   2
   12   2   0   3   2   0   0   2]
 [  0   4  15   0  27   4 174   1   1   1   1   3  17   0  38   2  18   2
   29   0  29   6  17   0   0   0]
 [  3  15   0   0   0   3   1 115   0   0   0   0 107  19  33   3   5   3
    4   0  14  23  54   0   0   0]
 [  0   0   1   0  10   1   0   0 494  35   0   9   0   0  46   0   0   0
   70  16   1  16   1  12   4  99]
 [  0  13   2  24  11   5   4   0  17 120   0   0   0   0  27   0   2   0
   85  56   9   1   2   0   0  48]
 [  2   4   2   0  14   1   1   3   0   1 155  70  27   0  18   1   1  23
   11   0   3  14  18   8   0   0]
 [  0   0  39   0   2   0  17   0   8   3   5 306   0   0  57   0   0   0
    6   0  10   0  33   0   0  10]
 [ 23  28   0   0   0   0   0  28   0   0   5   0 205   9  15   1  43   1
    1   0   4   4  92   0   1   0]
 [  4  11   0   0   0   2   1  13   0   0   6   0 105  77  39   0  20   2
   13   0  10  15 121   0   0   0]
 [  0   2  26  67   3   1  29   0   1   0   0   0   3   1 200   0  80   0
    2   0  40   0   4   0   0   0]
 [  2   2   2  11  74   7   0   0   4   2   0   0  36   3  50 225  10  17
    6   0   9   1   1   1   4   0]
 [  0   3   3   6   3   1  70   1   0   0   1   0  37   3  50   0 185  12
   15   0  53   1   8   0   0   0]
 [  9  34   0   0  39   1   6   1   0   2  99  25  25   3  30   2  35 102
   21   0   2   0   6   0   0   4]
 [  0  53   1  28   5   5  37   0  13  10   0   2   2   0  32   0   6   2
  221   4   1   0   0   5   2  16]
 [  0   1   2   1   5   3   0   0  43  34   0   0   3   0   2   6   1   1
   51 303   0   2   0   2   2   7]
 [  0   1   3   0   1   0   0   2   1   0   3  13   0   0 120   0  11   2
    2   0 218  25  56   0   0   0]
 [  0   1   0   1   3   0   0   1   5   2   5   0   3  12  64  23   2   0
   15   0  46 239  44   0  16   0]
 [  0   4   0   1   0   0   1  16   0   0   2   0  26  42  16   1   7   0
    6   0  78  35 240   0   0   0]
 [  2   1   0   0   4   1   0   2  42   6  25  13   5   0   2   2   1   5
   66   3   2  32  15 229  14   0]
 [  0   7   0   2   3   4   0  12  25   3   8   0  24   3   6  29   0   0
   14  21   2 131  19  46  94   0]
 [  0  24   1   2  22   2   2   0  24  37   1  39   0   0   4   0   0  10
   63   0   1   0   0   0   1 234]]
